1 0.39453125 0.73359375 0.07890625 0.1421875
1 0.50859375 0.72890625 0.07109375 0.1390625
1 0.62109375 0.73046875 0.07109375 0.13046875
1 0.7109375 0.728125 0.0609375 0.12421875
1 0.29296875 0.7265625 0.07265625 0.1328125
1 0.215625 0.7234375 0.06484375 0.12109375
1 0.76953125 0.725 0.0515625 0.11796875
1 0.1765625 0.71484375 0.0453125 0.12109375
1 0.36328125 0.690625 0.04375 0.0859375
1 0.4390625 0.69375 0.0296875 0.0796875
1 0.57890625 0.6984375 0.0453125 0.0828125
1 0.24921875 0.6921875 0.0375 0.0890625
