1 0.32396948647813495 0.5226033608191589 0.11147591278205085 0.22119639303460836
1 0.8818731935033488 0.5866850146144565 0.17116288856716422 0.534195203179611
1 0.1640625 0.49921875 0.075 0.1671875
1 0.08203125 0.48828125 0.0453125 0.1265625
1 0.025 0.47890625 0.046875 0.1015625
1 0.47578125 0.44140625 0.0359375 0.0734375
1 0.38515625 0.4453125 0.0265625 0.0625
1 0.5890625 0.44296875 0.040625 0.0921875
1 0.22109375 0.44765625 0.0296875 0.0515625
1 0.2625 0.44921875 0.01875 0.0515625
1 0.77578125 0.43125 0.0484375 0.103125
