1 0.721875 0.73671875 0.053125 0.09375
1 0.634375 0.70234375 0.0375 0.084375
1 0.5265625 0.66796875 0.0484375 0.0796875
1 0.49296875 0.6390625 0.0359375 0.0859375
1 0.47421875 0.60546875 0.0328125 0.0875
1 0.4515625 0.5859375 0.034375 0.0828125
1 0.440625 0.5609375 0.0234375 0.065625
1 0.43671875 0.51953125 0.021875 0.04375
1 0.43828125 0.4734375 0.015625 0.0578125
1 0.44921875 0.45078125 0.0171875 0.053125
1 0.49296875 0.4171875 0.0140625 0.05625
1 0.50234375 0.40390625 0.01875 0.053125
1 0.3140625 0.35703125 0.0171875 0.0625
1 0.290625 0.37734375 0.021875 0.05625
1 0.253125 0.40390625 0.021875 0.0578125
1 0.23046875 0.42890625 0.021875 0.059375
1 0.2171875 0.4515625 0.01875 0.0640625
1 0.209375 0.4765625 0.0234375 0.06875
1 0.2203125 0.5171875 0.025 0.05625
1 0.221875 0.55859375 0.021875 0.05
1 0.23359375 0.5921875 0.01875 0.05
1 0.2359375 0.634375 0.028125 0.05625
1 0.2609375 0.71953125 0.0296875 0.075
1 0.2453125 0.665625 0.025 0.0796875
1 0.26796875 0.69296875 0.028125 0.084375
1 0.3015625 0.78359375 0.0296875 0.1015625
1 0.31328125 0.796875 0.034375 0.10625
1 0.35546875 0.81015625 0.0390625 0.1078125
1 0.4078125 0.8265625 0.0421875 0.109375
1 0.47578125 0.8390625 0.0484375 0.121875
1 0.52734375 0.85234375 0.04375 0.121875
1 0.5484375 0.865625 0.034375 0.1375
1 0.57578125 0.89140625 0.05 0.1359375
