0 0.052698261840544124 0.2335033906747269 0.10539652368108825 0.2263817813494538
0 0.15556653731822231 0.09255222135581716 0.08574448146348645 0.16094713800922683
0 0.17756403360244483 0.3877198180299077 0.18009804952655917 0.1955954053548627
0 0.3639103790623833 0.1818072673854067 0.2202894951006205 0.1921618700270442
0 0.48278117127998516 0.4640214254057694 0.19694381818567028 0.15053744402449887
0 0.5956644557406131 0.04604413208145079 0.20320233851877384 0.08038857602640788
0 0.6885856883877015 0.37176284209894994 0.20632819055208423 0.07340277936027154
0 0.8654754351623144 0.20876449745381262 0.16445686089366268 0.3288346193507265
0 0.8841125077569739 0.7104093607972213 0.11729787130540928 0.5225658906747268
0 0.7738593224720619 0.6254247387809947 0.19129312608219137 0.21913290268936264
0 0.6244620385018244 0.5830088774267684 0.15482343230472004 0.3123374626829992
0 0.44131377139410793 0.6755310900699968 0.227312224767517 0.26246527936027136
0 0.2298577101496022 0.6918447913749072 0.22679110742308017 0.26479993869349877
0 0.07121411620094663 0.6933874680139993 0.14242823240189326 0.27890789202736244
