1 0.47265625 0.4265625 0.084375 0.2359375
1 0.5359375 0.4984375 0.0625 0.26953125
1 0.60546875 0.4390625 0.0484375 0.115625
1 0.640625 0.44609375 0.0265625 0.09140625
1 0.6703125 0.43359375 0.03828125 0.1203125
1 0.7015625 0.44453125 0.0484375 0.11796875
1 0.709375 0.3546875 0.03125 0.0671875
1 0.74296875 0.4265625 0.04296875 0.13203125
1 0.775 0.384375 0.04296875 0.0671875
1 0.78125 0.44140625 0.03125 0.103125
1 0.7828125 0.34375 0.021875 0.05546875
1 0.81875 0.37890625 0.02890625 0.06484375
1 0.85703125 0.3890625 0.0421875 0.11875
