1 0.1 0.10859375 0.178125 0.2046875
1 0.3015625 0.12421875 0.209375 0.2109375
1 0.52578125 0.1171875 0.2046875 0.20625
1 0.72578125 0.1234375 0.1765625 0.215625
1 0.90625 0.1015625 0.153125 0.1875
1 0.88515625 0.328125 0.1859375 0.209375
1 0.69921875 0.32734375 0.1421875 0.1859375
1 0.503125 0.325 0.196875 0.178125
1 0.3 0.32265625 0.146875 0.1546875
1 0.10703125 0.33125 0.1921875 0.203125
1 0.09375 0.5390625 0.146875 0.15625
1 0.30078125 0.51875 0.2265625 0.19375
1 0.54140625 0.50859375 0.2203125 0.1453125
1 0.7359375 0.540625 0.134375 0.1625
1 0.90234375 0.5546875 0.1796875 0.203125
1 0.740625 0.7578125 0.190625 0.209375
1 0.53359375 0.7125 0.2109375 0.2
1 0.334375 0.71015625 0.153125 0.1421875
1 0.12578125 0.70859375 0.2234375 0.1453125
1 0.0890625 0.89296875 0.1625 0.1890625
1 0.296875 0.89296875 0.178125 0.1828125
1 0.51640625 0.909375 0.2328125 0.146875
1 0.91015625 0.8859375 0.1515625 0.2125
