0 0.2776442307692308 0.25240384615384615 0.08774038461538461 0.09014423076923077
0 0.38221153846153844 0.18028846153846154 0.11778846153846154 0.09014423076923077
0 0.5360576923076923 0.19471153846153846 0.12740384615384615 0.0829326923076923
0 0.7115384615384616 0.1875 0.1201923076923077 0.08052884615384616
0 0.8197115384615384 0.22235576923076922 0.052884615384615384 0.1310096153846154
0 0.7644230769230769 0.31850961538461536 0.14423076923076922 0.109375
0 0.8100961538461539 0.46634615384615385 0.17307692307692307 0.14903846153846154
0 0.875 0.6742788461538461 0.18990384615384615 0.17307692307692307
0 0.5588942307692307 0.31490384615384615 0.14903846153846154 0.12259615384615384
0 0.45072115384615385 0.5841346153846154 0.19471153846153846 0.1778846153846154
0 0.3918269230769231 0.8894230769230769 0.2439903846153846 0.22115384615384615
