1 0.1746805465262825 0.5194579692596156 0.1342007832585472 0.2516361622563388
1 0.282656793019338 0.4497927428403139 0.11122336450726511 0.19205107097813373
1 0.7253021960467954 0.5290946047988618 0.11379707096004282 0.3026279940550568
1 0.8884567216352833 0.651917958673862 0.22308655672943337 0.4541291443487888
1 0.646875 0.43984375 0.109375 0.2109375
1 0.590625 0.38984375 0.078125 0.1609375
1 0.5484375 0.35234375 0.059375 0.1390625
1 0.515625 0.32109375 0.04375 0.0890625
1 0.11875 0.33984375 0.05625 0.0609375
1 0.0671875 0.35 0.040625 0.0625
1 0.340625 0.403125 0.059375 0.18125
1 0.0578125 0.6375 0.084375 0.38125
1 0.37109375 0.353125 0.0421875 0.1375
