1 0.27165376307866773 0.503536007898171 0.07709862431556197 0.215191888459635
1 0.7120536660488851 0.6670946517429092 0.1602068640157396 0.43069872751592303
1 0.06763208221978863 0.45402219409955435 0.08212761468386626 0.15306982917561848
1 0.903125 0.4171875 0.08125 0.1875
1 0.7234375 0.390625 0.05625 0.146875
1 0.5875 0.375 0.053125 0.125
1 0.50859375 0.334375 0.0296875 0.071875
1 0.40078125 0.34296875 0.0328125 0.0671875
1 0.32109375 0.34609375 0.0390625 0.0734375
1 0.24140625 0.35390625 0.0359375 0.0859375
1 0.165625 0.35546875 0.03125 0.0640625
1 0.11875 0.3515625 0.025 0.0625
1 0.07421875 0.359375 0.0265625 0.059375
1 0.81796875 0.3546875 0.0421875 0.1125
1 0.6953125 0.36015625 0.03125 0.1078125
1 0.96953125 0.35625 0.0421875 0.1125
