0 0.04927884615384615 0.7247596153846154 0.09735576923076923 0.15144230769230768
0 0.0889423076923077 0.5721153846153846 0.11057692307692307 0.140625
0 0.13701923076923078 0.4206730769230769 0.10336538461538461 0.12620192307692307
0 0.17668269230769232 0.33052884615384615 0.09134615384615384 0.10576923076923077
0 0.046875 0.2692307692307692 0.05889423076923077 0.12740384615384615
0 0.4423076923076923 0.15985576923076922 0.04326923076923077 0.0985576923076923
0 0.4338942307692308 0.2668269230769231 0.06009615384615385 0.16105769230769232
0 0.40865384615384615 0.41466346153846156 0.0673076923076923 0.20432692307692307
0 0.2956730769230769 0.41466346153846156 0.08173076923076923 0.17307692307692307
0 0.12620192307692307 0.140625 0.07451923076923077 0.09014423076923077
0 0.30649038461538464 0.11298076923076923 0.10697115384615384 0.07091346153846154
0 0.30649038461538464 0.17307692307692307 0.10336538461538461 0.0889423076923077
0 0.4338942307692308 0.0829326923076923 0.11177884615384616 0.08653846153846154
0 0.5576923076923077 0.046875 0.10336538461538461 0.07211538461538461
0 0.6923076923076923 0.0625 0.10336538461538461 0.07451923076923077
0 0.5685096153846154 0.2668269230769231 0.15625 0.109375
0 0.7415865384615384 0.1502403846153846 0.13221153846153846 0.10096153846153846
0 0.7692307692307693 0.28725961538461536 0.15264423076923078 0.12740384615384615
0 0.5685096153846154 0.4170673076923077 0.1814903846153846 0.10817307692307693
0 0.546875 0.5372596153846154 0.21995192307692307 0.17668269230769232
0 0.23798076923076922 0.6454326923076923 0.16466346153846154 0.31971153846153844
0 0.5408653846153846 0.8209134615384616 0.2512019230769231 0.21394230769230768
0 0.8954326923076923 0.828125 0.2091346153846154 0.203125
0 0.8713942307692307 0.6538461538461539 0.21394230769230768 0.19831730769230768
0 0.33653846153846156 0.2800480769230769 0.10336538461538461 0.15865384615384615
