1 0.20260352305785295 0.5062369987648017 0.07801711947564122 0.20662146348354518
1 0.33920312777500045 0.4969887438878959 0.07147597775838686 0.1833998113695092
1 0.4015625 0.48515625 0.05 0.1578125
1 0.503125 0.48359375 0.053125 0.1390625
1 0.621875 0.50390625 0.046875 0.1203125
1 0.85390625 0.54765625 0.0640625 0.1765625
1 0.82734375 0.76640625 0.0828125 0.3265625
1 0.74375 0.75625 0.1125 0.33125
1 0.796875 0.91328125 0.05625 0.1546875
1 0.9671875 0.9234375 0.04375 0.140625
1 0.8546875 0.9453125 0.040625 0.084375
