1 0.8545614132351094 0.6732947862458557 0.2586126287763608 0.445059315548277
1 0.1523882789012621 0.5292210041994737 0.15047982464622237 0.23577395937356727
1 0.6975019301767869 0.5455160897386896 0.12564502362531316 0.2691596436080991
1 0.2721478737820309 0.45618483427215606 0.11872634156342542 0.19068462337089953
1 0.6262019230769231 0.4519230769230769 0.11778846153846154 0.21634615384615385
1 0.5697115384615384 0.4098557692307692 0.07211538461538461 0.18509615384615385
1 0.5420673076923077 0.37740384615384615 0.06009615384615385 0.15384615384615385
1 0.5072115384615384 0.3473557692307692 0.052884615384615384 0.11778846153846154
1 0.3137019230769231 0.42427884615384615 0.055288461538461536 0.15625
1 0.3425480769230769 0.37259615384615385 0.040865384615384616 0.11057692307692307
1 0.3629807692307692 0.3629807692307692 0.03365384615384615 0.10096153846153846
1 0.039663461538461536 0.6153846153846154 0.07451923076923077 0.3942307692307692
1 0.04807692307692308 0.3545673076923077 0.028846153846153848 0.06971153846153846
1 0.09975961538461539 0.34375 0.040865384615384616 0.0625
