0 0.865416963502863 0.2780960967867528 0.18720612597245392 0.36204737788287567
0 0.7063459696511831 0.18775330054108297 0.14218347570130732 0.14100453753924258
0 0.5714124334486337 0.21895131162235942 0.12371982201231528 0.18924064167768556
0 0.6535987404338344 0.38414694368910657 0.12308401775758923 0.21419969810012063
0 0.5777316529034251 0.4996657230877487 0.15446128278470378 0.23771244120271576
0 0.7280190409761274 0.8254137528250751 0.1627692073545429 0.32327812697836433
0 0.8620799027070334 0.6442157417437986 0.1812783128389331 0.2828545228399214
0 0.3470644776462149 0.8546310466132543 0.228203309813871 0.29073790677349143
0 0.2922441256778662 0.5620241236990041 0.1766499001729506 0.29276511137453215
0 0.1990339602814092 0.38141153154634877 0.1320908582148647 0.15140977103089917
0 0.27535102058625954 0.3432365021477065 0.14279655405833439 0.11213923111680746
0 0.16969085216474045 0.1705625627540132 0.17736297247985347 0.2810873049520971
0 0.4084624606741927 0.13309129748886522 0.15281644867214011 0.08923399762515083
0 0.4603219599868217 0.5895769928754524 0.15522435206654456 0.23462838478028053
