0 0.45552884615384615 0.05889423076923077 0.07091346153846154 0.08173076923076923
0 0.29447115384615385 0.15504807692307693 0.078125 0.08533653846153846
0 0.5480769230769231 0.5060096153846154 0.14423076923076922 0.14903846153846154
0 0.7235576923076923 0.13822115384615385 0.08173076923076923 0.08533653846153846
0 0.8725961538461539 0.6526442307692307 0.140625 0.1658653846153846
0 0.75 0.20192307692307693 0.09254807692307693 0.07451923076923077
0 0.18870192307692307 0.3713942307692308 0.13942307692307693 0.11658653846153846
0 0.2824519230769231 0.578125 0.13581730769230768 0.27403846153846156
0 0.38100961538461536 0.25240384615384615 0.07692307692307693 0.12980769230769232
0 0.3125 0.11538461538461539 0.11778846153846154 0.07692307692307693
0 0.7944711538461539 0.07932692307692307 0.07451923076923077 0.10096153846153846
0 0.7680288461538461 0.29086538461538464 0.15144230769230768 0.12259615384615384
0 0.8040865384615384 0.4362980769230769 0.18629807692307693 0.109375
0 0.8257211538461539 0.5528846153846154 0.203125 0.17908653846153846
0 0.5276442307692307 0.8209134615384616 0.2644230769230769 0.23918269230769232
0 0.5396634615384616 0.6574519230769231 0.234375 0.18629807692307693
0 0.5492788461538461 0.43149038461538464 0.18870192307692307 0.12860576923076922
0 0.5480769230769231 0.27163461538461536 0.14783653846153846 0.10216346153846154
0 0.5649038461538461 0.20192307692307693 0.13701923076923078 0.08653846153846154
0 0.5564903846153846 0.13221153846153846 0.12620192307692307 0.078125
