0 0.0859375 0.1046875 0.171875 0.209375
0 0.2536144326106483 0.10052843665460283 0.18730238477870334 0.20105687330920566
0 0.4741422546181484 0.13808651460059396 0.1962864055138885 0.23642040002386255
0 0.6984977056549078 0.1339149932368226 0.18718480758740697 0.2394363120225899
0 0.912491855136528 0.1322054005410967 0.16975329981171255 0.22752665802036268
0 0.5792639412812973 0.5333342852482766 0.21925643086722194 0.12430220802831685
0 0.7458083093773161 0.6547082038908686 0.16372676668268457 0.328135185351681
0 0.8833377036751401 0.6616929058720968 0.14453726927458277 0.33181416868236296
0 0.31993745942458435 0.5090359086171385 0.2583674490105089 0.15207321936663476
0 0.08408973489608844 0.6470920813176371 0.16817946979217688 0.3037988040260897
