1 0.20859375 0.64765625 0.0609375 0.12265625
1 0.2609375 0.65 0.05703125 0.12265625
1 0.31328125 0.6515625 0.0578125 0.1265625
1 0.3671875 0.6515625 0.05703125 0.128125
1 0.4203125 0.6515625 0.053125 0.128125
1 0.4734375 0.6515625 0.05390625 0.12578125
1 0.5265625 0.65078125 0.05390625 0.1265625
1 0.58046875 0.65234375 0.05390625 0.125
1 0.63359375 0.6515625 0.05625 0.1265625
1 0.6859375 0.65 0.05859375 0.128125
1 0.73828125 0.65078125 0.059375 0.12578125
1 0.78984375 0.65078125 0.06171875 0.125
1 0.84375 0.6484375 0.0625 0.125
