1 0.09453125 0.62734375 0.1890625 0.1578125
1 0.28828125 0.6328125 0.15078125 0.13203125
1 0.4234375 0.6390625 0.12421875 0.10859375
1 0.5265625 0.64453125 0.08984375 0.09375
1 0.60625 0.64921875 0.071875 0.084375
1 0.659375 0.6515625 0.0671875 0.07578125
1 0.70546875 0.65234375 0.06015625 0.0671875
1 0.74375 0.65390625 0.0484375 0.06171875
1 0.77890625 0.65546875 0.04453125 0.05703125
1 0.8046875 0.65625 0.0390625 0.0515625
1 0.83046875 0.65703125 0.0375 0.0484375
1 0.86953125 0.6578125 0.03203125 0.04375
