0 0.13984375 0.13203125 0.06640625 0.11328125
0 0.2859375 0.19375 0.1 0.1828125
0 0.43203125 0.09921875 0.1 0.15078125
0 0.51875 0.21796875 0.0921875 0.12890625
0 0.08515625 0.29296875 0.121875 0.1078125
0 0.22109375 0.5296875 0.1109375 0.12890625
0 0.3875 0.5375 0.14765625 0.1453125
0 0.41875 0.69921875 0.1328125 0.15078125
0 0.5203125 0.53515625 0.07734375 0.1234375
0 0.5390625 0.66953125 0.0921875 0.15078125
0 0.6 0.77421875 0.10703125 0.134375
0 0.63671875 0.6234375 0.08828125 0.11328125
0 0.68046875 0.69609375 0.12578125 0.08046875
0 0.71953125 0.7953125 0.12578125 0.11796875
0 0.825 0.7125 0.1109375 0.16640625
0 0.86015625 0.440625 0.059375 0.12890625
0 0.7453125 0.559375 0.103125 0.1234375
