0 0.9425909863956811 0.2241220762923033 0.11481802720863783 0.22394778896022585
0 0.8365427295935218 0.08712486241315535 0.08402295918704361 0.14651253571381498
0 0.8119084718648011 0.37210778854989346 0.17809433289892346 0.19572337743398432
0 0.6284298606574541 0.16225372726853327 0.21822665679611575 0.19174498944669316
0 0.5077440887745217 0.4385417175293006 0.19520679723844764 0.1507927069792892
0 0.3996668312492445 0.033489978893386355 0.19933366249848908 0.056506918829842157
0 0.30335931671836447 0.34139616192998334 0.20426514154211786 0.07374896590774283
0 0.12830315312008944 0.17457903449599899 0.16150262646134483 0.3272227934244527
0 0.10717143270152377 0.670953428165333 0.11381570936026834 0.5190051444801128
0 0.2179166255347836 0.5894461038950339 0.18906935072916148 0.21852963189821112
0 0.3668538786609168 0.5522751607121673 0.1519657601015174 0.31068017572970097
0 0.5478832634008753 0.6497928632272295 0.22475343565443212 0.26126260267721796
0 0.7575843551283054 0.6713889939076247 0.22430063638963738 0.2643739659077429
0 0.9227686337700909 0.6788271672016938 0.15446273245981815 0.27772339975511856
