0 0.0472216985117313 0.3962330128515813 0.0944433970234626 0.3176915187830803
0 0.13820189743774738 0.39386669961943915 0.10154549917143045 0.3051278517868859
0 0.23355078474130025 0.39696913638729703 0.10138283333183026 0.31837726828878876
0 0.32766465777682957 0.39297665615896055 0.10187298490340684 0.312159101786886
0 0.422758833955512 0.40154784292681833 0.10299883726077166 0.3028477687830804
0 0.5164360593484062 0.40693036269848193 0.10063797063538331 0.3191266847906915
0 0.6124570347413003 0.412408382964437 0.10094618568919511 0.3090022682887888
0 0.7056441085626178 0.4115090692380033 0.10016493568919511 0.30897043479069153
0 0.8009929958661708 0.41461150600586116 0.1023438657968189 0.28878526878308025
0 0.8966329815981471 0.411463942773719 0.1002184396181363 0.2933772682887888
