0 0.13690870438187472 0.41768810633066594 0.13453775934491655 0.3101210681812191
0 0.23048729090147138 0.4130881554371616 0.13185118238410978 0.29760743141174384
0 0.3234560409014714 0.41471093100470674 0.13231309227996704 0.31086140787279354
0 0.41523396155096715 0.408521206572252 0.1321416787995636 0.3046250446422686
0 0.5089172091612697 0.4148314821397972 0.13227518357895854 0.29527731818121905
0 0.6020050420963201 0.41723550770734247 0.13243217521501727 0.31164265787279355
0 0.6968935409014714 0.421229306813838 0.1308840970593618 0.30148640787279357
0 0.7883665432911688 0.41815094561190813 0.13010284705936198 0.3014727711033183
0 0.8812162103561185 0.4189924711794533 0.1301316907480512 0.2812148181812191
0 0.954821622380744 0.4135976335164737 0.09035675523851197 0.28586140787279357
