0 0.9466428861874444 0.3752478933922765 0.10671422762511114 0.3187351310328587
0 0.85776393410131 0.3723808429367896 0.12192507345284262 0.30620784918169336
0 0.76245143410131 0.3757092287789717 0.12183665850103402 0.31943453547936257
0 0.6670530752494326 0.3711978327699885 0.12192422141953223 0.31321181733052794
0 0.572260840560559 0.3792137186121708 0.12244619079727936 0.30389138103285873
0 0.4778163014457467 0.3832960726031875 0.12192336938622184 0.32021578547936247
0 0.3819826841013099 0.38899549029653513 0.12079612787878133 0.3100595354793625
0 0.28693116879018354 0.38760909428755197 0.12001487787878133 0.31003225362819703
0 0.1915319579049958 0.3901562301297341 0.12157993397871233 0.2890749128840243
0 0.09543905993830612 0.3864533659719164 0.11984316017502654 0.29446181733052795
