1 0.35625 0.7828125 0.365625 0.434375
1 0.64453125 0.8046875 0.2546875 0.33125
1 0.49453125 0.68984375 0.1984375 0.2984375
1 0.396875 0.6203125 0.159375 0.2375
1 0.32734375 0.50625 0.1265625 0.09375
1 0.175 0.646875 0.221875 0.140625
1 0.23671875 0.76953125 0.2765625 0.2046875
1 0.8453125 0.87109375 0.28125 0.2484375
1 0.78203125 0.6296875 0.1859375 0.246875
1 0.6421875 0.559375 0.153125 0.171875
1 0.55390625 0.5078125 0.1359375 0.15
1 0.48125 0.46953125 0.134375 0.1140625
1 0.87578125 0.52265625 0.1453125 0.1671875
1 0.75546875 0.471875 0.1203125 0.1125
1 0.65703125 0.43984375 0.1046875 0.0921875
1 0.94453125 0.66015625 0.1046875 0.1765625
