0 0.46634615384615385 0.8653846153846154 0.2980769230769231 0.22115384615384615
0 0.828125 0.7572115384615384 0.34134615384615385 0.22596153846153846
0 0.49278846153846156 0.6586538461538461 0.34615384615384615 0.23798076923076922
0 0.8341346153846154 0.5576923076923077 0.2956730769230769 0.19471153846153846
0 0.47596153846153844 0.4519230769230769 0.3269230769230769 0.22115384615384615
0 0.8269230769230769 0.37740384615384615 0.34134615384615385 0.2403846153846154
0 0.484375 0.234375 0.31009615384615385 0.22596153846153846
0 0.8233173076923077 0.19831730769230768 0.3485576923076923 0.2091346153846154
0 0.8341346153846154 0.9098557692307693 0.3269230769230769 0.17548076923076922
0 0.16171875 0.17421875 0.2859375 0.1390625
0 0.16328125 0.33515625 0.2890625 0.1484375
0 0.153125 0.5390625 0.303125 0.1875
0 0.15625 0.71875 0.3 0.1625
0 0.159375 0.896875 0.29375 0.159375
