0 0.912893384102045 0.14043168184115506 0.15438991033981714 0.2002537157559753
0 0.7111110762236545 0.11740204414014052 0.16831590244730918 0.1983191427155795
0 0.534768384102045 0.12942936803846622 0.13826438140062186 0.19120532468974855
0 0.47802410239083953 0.266605107613625 0.07216196828879458 0.14092652837152994
0 0.38359926820408996 0.23889999326957545 0.13111901031158224 0.22921379005001247
0 0.05619460502167547 0.255111048825501 0.09195852879802084 0.15944084765100205
0 0.15999995741251502 0.5108275029029938 0.12360961817585507 0.26097225541027635
0 0.06076579686093646 0.5344575680258309 0.06711044724210717 0.13454013605166182
0 0.30548676266006947 0.5314391827655919 0.13052747611071513 0.21905754005001246
0 0.4267324311041558 0.5107893651354724 0.1230944077089811 0.19856318362352177
0 0.5342796205949295 0.4959803705457487 0.10471613403145774 0.19100909639736088
0 0.6474999574125151 0.5250123041692704 0.10553518138650446 0.2050715963973609
0 0.7404764126883043 0.5144589005666312 0.09951269454068416 0.20879598997087018
0 0.8926157653614926 0.47520984712227665 0.19163157608248013 0.2504726761016743
0 0.9289600299369709 0.8501560228282397 0.1420799401260581 0.28083612602253194
0 0.4441977360693615 0.824047883082161 0.17804794724210726 0.13776808762187223
0 0.30496020179790734 0.8839504173261858 0.11120135246142678 0.181838684877163
0 0.12179909130279849 0.8458640809579545 0.15677916297065297 0.2011031619159092
