1 0.6751675912343457 0.49701960139041856 0.21895755706051181 0.42482225933610557
1 0.4123154095323269 0.46612205382918354 0.1441177786722329 0.2667512371947852
1 0.2648478432149235 0.429850381435516 0.12098929079705883 0.223732261563401
1 0.18263879609279504 0.4037209372027545 0.10080380818922724 0.18923870840448734
1 0.04921875 0.33046875 0.0328125 0.0921875
1 0.35625 0.303125 0.034375 0.084375
1 0.30703125 0.30546875 0.0390625 0.0734375
1 0.4890625 0.28515625 0.034375 0.0671875
1 0.44375 0.284375 0.0375 0.0625
1 0.546875 0.28125 0.021875 0.059375
1 0.6078125 0.265625 0.025 0.059375
1 0.759375 0.25 0.021875 0.05
1 0.71015625 0.25234375 0.0234375 0.0546875
1 0.8109375 0.2375 0.01875 0.05625
