0 0.23197115384615385 0.796875 0.14423076923076922 0.38341346153846156
0 0.24639423076923078 0.5348557692307693 0.2247596153846154 0.2860576923076923
0 0.2608173076923077 0.3269230769230769 0.18028846153846154 0.18870192307692307
0 0.4338942307692308 0.2692307692307692 0.17067307692307693 0.19831730769230768
0 0.6598557692307693 0.2548076923076923 0.19951923076923078 0.1502403846153846
0 0.7800480769230769 0.38221153846153844 0.20432692307692307 0.23557692307692307
0 0.7524038461538461 0.5949519230769231 0.23918269230769232 0.24639423076923078
0 0.6021634615384616 0.4110576923076923 0.21514423076923078 0.24639423076923078
0 0.48197115384615385 0.5060096153846154 0.234375 0.19110576923076922
0 0.49038461538461536 0.7259615384615384 0.27884615384615385 0.26802884615384615
0 0.7127403846153846 0.8533653846153846 0.30288461538461536 0.2932692307692308
