1 0.278125 0.73671875 0.053125 0.09375
1 0.365625 0.70234375 0.03828125 0.084375
1 0.4734375 0.66796875 0.0484375 0.0796875
1 0.50703125 0.6390625 0.0359375 0.0859375
1 0.52578125 0.60546875 0.0328125 0.08671875
1 0.5484375 0.5859375 0.03515625 0.0828125
1 0.559375 0.5609375 0.0234375 0.065625
1 0.56328125 0.51953125 0.021875 0.04296875
1 0.56171875 0.4734375 0.015625 0.0578125
1 0.55078125 0.45078125 0.0171875 0.053125
1 0.50703125 0.4171875 0.0140625 0.05625
1 0.49765625 0.40390625 0.01953125 0.05390625
1 0.6859375 0.35703125 0.0171875 0.06171875
1 0.709375 0.37734375 0.021875 0.05546875
1 0.746875 0.40390625 0.02109375 0.0578125
1 0.76953125 0.42890625 0.02109375 0.059375
1 0.7828125 0.4515625 0.01875 0.0640625
1 0.790625 0.4765625 0.0234375 0.06875
1 0.7796875 0.5171875 0.02421875 0.05703125
1 0.778125 0.55859375 0.021875 0.05
1 0.76640625 0.5921875 0.01875 0.04921875
1 0.7640625 0.634375 0.02734375 0.05625
1 0.7390625 0.71953125 0.0296875 0.075
1 0.7546875 0.665625 0.02578125 0.0796875
1 0.73203125 0.69296875 0.028125 0.084375
1 0.6984375 0.78359375 0.0296875 0.1015625
1 0.68671875 0.796875 0.03515625 0.10546875
1 0.64453125 0.81015625 0.0390625 0.1078125
1 0.5921875 0.8265625 0.0421875 0.11015625
1 0.52421875 0.8390625 0.0484375 0.121875
1 0.47265625 0.85234375 0.04375 0.121875
1 0.4515625 0.865625 0.03515625 0.13671875
1 0.42421875 0.89140625 0.05078125 0.1359375
