1 0.884375 0.5734375 0.05546875 0.18515625
1 0.1640625 0.3671875 0.09375 0.303125
1 0.2390625 0.4140625 0.04375 0.234375
1 0.275 0.42109375 0.05 0.2234375
1 0.32734375 0.4140625 0.0390625 0.16875
1 0.3375 0.48984375 0.059375 0.1234375
1 0.3875 0.44765625 0.028125 0.1421875
1 0.4203125 0.45625 0.04375 0.146875
1 0.45859375 0.48984375 0.0484375 0.1921875
1 0.6515625 0.57890625 0.059375 0.3890625
1 0.5546875 0.56328125 0.040625 0.2078125
1 0.6234375 0.5734375 0.034375 0.209375
1 0.72734375 0.58125 0.0421875 0.21875
