1 0.28359375 0.65234375 0.3640625 0.2875
1 0.65078125 0.81484375 0.2640625 0.3578125
1 0.36796875 0.9171875 0.3890625 0.1625
1 0.64609375 0.55546875 0.1609375 0.1578125
1 0.7875 0.6375 0.1875 0.246875
1 0.8828125 0.534375 0.146875 0.1625
1 0.75078125 0.47421875 0.1265625 0.0953125
1 0.65703125 0.43359375 0.1171875 0.0734375
1 0.42421875 0.4203125 0.1015625 0.065625
1 0.47890625 0.4453125 0.1171875 0.078125
1 0.55 0.47578125 0.13125 0.0734375
1 0.634375 0.5171875 0.15625 0.09375
1 0.940625 0.66640625 0.109375 0.1421875
1 0.27890625 0.4546875 0.1171875 0.053125
1 0.325 0.48984375 0.128125 0.0671875
1 0.39296875 0.525 0.1765625 0.071875
