0 0.38221153846153844 0.6478365384615384 0.07211538461538461 0.234375
0 0.4074519230769231 0.3449519230769231 0.09375 0.15384615384615385
0 0.46274038461538464 0.23918269230769232 0.0889423076923077 0.12379807692307693
0 0.6141826923076923 0.18629807692307693 0.08052884615384616 0.1141826923076923
0 0.5588942307692307 0.33413461538461536 0.05048076923076923 0.17548076923076922
0 0.6622596153846154 0.31850961538461536 0.0985576923076923 0.15504807692307693
0 0.5745192307692307 0.5300480769230769 0.10576923076923077 0.19591346153846154
0 0.7848557692307693 0.5024038461538461 0.055288461538461536 0.21394230769230768
0 0.8100961538461539 0.33052884615384615 0.04927884615384615 0.1502403846153846
0 0.9122596153846154 0.6730769230769231 0.08653846153846154 0.22235576923076922
