0 0.2860576923076923 0.1935096153846154 0.10817307692307693 0.09254807692307693
0 0.5348557692307693 0.19110576923076922 0.12620192307692307 0.08173076923076923
0 0.5745192307692307 0.10697115384615384 0.10576923076923077 0.06610576923076923
0 0.7608173076923077 0.13221153846153846 0.09134615384615384 0.09014423076923077
0 0.8569711538461539 0.5612980769230769 0.18028846153846154 0.15264423076923078
0 0.9362980769230769 0.7692307692307693 0.12620192307692307 0.234375
0 0.4026442307692308 0.3449519230769231 0.09014423076923077 0.14543269230769232
0 0.38341346153846156 0.5588942307692307 0.17067307692307693 0.22115384615384615
0 0.5721153846153846 0.5793269230769231 0.19951923076923078 0.1622596153846154
0 0.3389423076923077 0.8641826923076923 0.1466346153846154 0.27163461538461536
