0 0.1778846153846154 0.4879807692307692 0.18389423076923078 0.36899038461538464
0 0.3088942307692308 0.5480769230769231 0.15625 0.31009615384615385
0 0.4495192307692308 0.5829326923076923 0.12620192307692307 0.32091346153846156
0 0.5829326923076923 0.6165865384615384 0.1201923076923077 0.31490384615384615
0 0.6766826923076923 0.6105769230769231 0.10697115384615384 0.3269230769230769
0 0.7788461538461539 0.6334134615384616 0.11658653846153846 0.31490384615384615
0 0.22355769230769232 0.18509615384615385 0.13942307692307693 0.2620192307692308
0 0.3317307692307692 0.23197115384615385 0.12379807692307693 0.2620192307692308
0 0.4387019230769231 0.2644230769230769 0.09615384615384616 0.25600961538461536
0 0.5372596153846154 0.2980769230769231 0.08653846153846154 0.25
0 0.6298076923076923 0.33052884615384615 0.09375 0.2439903846153846
0 0.7151442307692307 0.35096153846153844 0.09615384615384616 0.25
