1 0.27109375 0.55078125 0.2890625 0.6546875
1 0.8089272547032633 0.15155722625575976 0.0973779588308917 0.2261064605200711
1 0.475740684324918 0.107191583637872 0.058295398343184084 0.12128558376256933
1 0.691995761886331 0.09831702265398407 0.05924202394117755 0.10216677546580911
1 0.5591108266810214 0.08175029649695023 0.04842471624887 0.1016629512627686
1 0.203125 0.31015625 0.103125 0.2859375
1 0.3890625 0.0828125 0.03125 0.096875
1 0.3375 0.078125 0.03125 0.06875
1 0.2953125 0.07734375 0.025 0.0703125
1 0.25703125 0.0765625 0.0203125 0.065625
