1 0.8888396559536187 0.7084943069489662 0.22232068809276265 0.43471516670655536
1 0.20260807647713217 0.5356922252758116 0.16637972937917475 0.22974395791607066
1 0.7522056382505025 0.5742443893654621 0.14398459628025287 0.2641591545945652
1 0.31620229442336334 0.4675094711557473 0.13159769301391072 0.185929256367833
1 0.678125 0.4859375 0.10625 0.21875
1 0.60234375 0.40625 0.0765625 0.153125
1 0.38671875 0.41640625 0.0765625 0.1734375
1 0.54609375 0.36484375 0.0484375 0.1140625
1 0.1453125 0.34921875 0.05625 0.0671875
1 0.08984375 0.3515625 0.0359375 0.05625
1 0.103125 0.63828125 0.109375 0.3859375
