1 0.28718446697866484 0.5930512682085364 0.2891465338930756 0.5367919517846502
1 0.5504035982700207 0.28000658187807165 0.09809582506013648 0.23782488136411414
1 0.8294724482812245 0.26429903193060383 0.07971725500919291 0.2246503096373912
1 0.1140625 0.25078125 0.1 0.3203125
1 0.453125 0.28828125 0.103125 0.2859375
1 0.66171875 0.16171875 0.0609375 0.1359375
1 0.23359375 0.17421875 0.0921875 0.1921875
1 0.38515625 0.128125 0.0796875 0.11875
1 0.9140625 0.3234375 0.084375 0.21875
1 0.515625 0.16015625 0.04375 0.1484375
1 0.94921875 0.703125 0.0984375 0.559375
