0 0.1875 0.3737980769230769 0.140625 0.12379807692307693
0 0.2860576923076923 0.5793269230769231 0.13701923076923078 0.2764423076923077
0 0.04807692307692308 0.6947115384615384 0.09615384615384616 0.27524038461538464
0 0.5132211538461539 0.6658653846153846 0.23918269230769232 0.17427884615384615
0 0.5492788461538461 0.5372596153846154 0.21153846153846154 0.171875
0 0.8533653846153846 0.6658653846153846 0.21875 0.19591346153846154
0 0.8713942307692307 0.8425480769230769 0.22596153846153846 0.20192307692307693
0 0.8064903846153846 0.4495192307692308 0.18028846153846154 0.14423076923076922
0 0.38100961538461536 0.2536057692307692 0.07692307692307693 0.1346153846153846
0 0.5540865384615384 0.125 0.125 0.06971153846153846
0 0.5588942307692307 0.19831730769230768 0.15384615384615385 0.10817307692307693
0 0.7379807692307693 0.1466346153846154 0.11778846153846154 0.07932692307692307
0 0.7620192307692307 0.21875 0.14543269230769232 0.09615384615384616
0 0.31490384615384615 0.11538461538461539 0.12379807692307693 0.08533653846153846
0 0.7668269230769231 0.0733173076923077 0.10096153846153846 0.09735576923076923
0 0.45552884615384615 0.06009615384615385 0.07211538461538461 0.08533653846153846
0 0.5552884615384616 0.40625 0.13341346153846154 0.140625
0 0.8341346153846154 0.5240384615384616 0.12980769230769232 0.109375
0 0.296875 0.15504807692307693 0.0829326923076923 0.09134615384615384
0 0.765625 0.27524038461538464 0.10096153846153846 0.10697115384615384
0 0.5552884615384616 0.25 0.11057692307692307 0.10336538461538461
