0 0.3125 0.09735576923076923 0.07932692307692307 0.07211538461538461
0 0.765625 0.27524038461538464 0.10096153846153846 0.11177884615384616
0 0.5612980769230769 0.1778846153846154 0.10216346153846154 0.06490384615384616
0 0.2800480769230769 0.53125 0.06490384615384616 0.19230769230769232
0 0.5516826923076923 0.4098557692307692 0.13341346153846154 0.13341346153846154
0 0.8341346153846154 0.5360576923076923 0.12740384615384615 0.13701923076923078
0 0.6298076923076923 0.046875 0.109375 0.08173076923076923
0 0.765625 0.06971153846153846 0.0985576923076923 0.09375
0 0.7379807692307693 0.14182692307692307 0.11899038461538461 0.07451923076923077
0 0.7608173076923077 0.21995192307692307 0.14302884615384615 0.09975961538461539
0 0.5540865384615384 0.12620192307692307 0.11778846153846154 0.07451923076923077
0 0.5576923076923077 0.2536057692307692 0.1622596153846154 0.12620192307692307
0 0.5504807692307693 0.5420673076923077 0.2127403846153846 0.15504807692307693
0 0.8545673076923077 0.6814903846153846 0.19591346153846154 0.14903846153846154
0 0.5528846153846154 0.8461538461538461 0.28125 0.22956730769230768
0 0.8810096153846154 0.8389423076923077 0.21514423076923078 0.19471153846153846
0 0.18870192307692307 0.3701923076923077 0.13822115384615385 0.12259615384615384
0 0.04807692307692308 0.6995192307692307 0.09615384615384616 0.2776442307692308
0 0.38100961538461536 0.25961538461538464 0.08173076923076923 0.14783653846153846
0 0.30408653846153844 0.1622596153846154 0.10336538461538461 0.08774038461538461
