0 0.28846153846153844 0.2512019230769231 0.109375 0.09735576923076923
0 0.39663461538461536 0.1622596153846154 0.10697115384615384 0.09495192307692307
0 0.5336538461538461 0.18990384615384615 0.12740384615384615 0.08173076923076923
0 0.5408653846153846 0.2620192307692308 0.14423076923076922 0.09735576923076923
0 0.4879807692307692 0.328125 0.15625 0.1141826923076923
0 0.5733173076923077 0.4567307692307692 0.18389423076923078 0.12259615384615384
0 0.5721153846153846 0.5793269230769231 0.1971153846153846 0.15264423076923078
0 0.7115384615384616 0.18629807692307693 0.11778846153846154 0.07932692307692307
0 0.7548076923076923 0.3112980769230769 0.14182692307692307 0.10576923076923077
0 0.7608173076923077 0.13221153846153846 0.09134615384615384 0.08774038461538461
