0 0.9265625 0.10757945859755161 0.1421875 0.18529439204448095
0 0.725 0.09546742207295775 0.15703125 0.16836599066450916
0 0.5484375 0.09863551217156934 0.12734375 0.1803477934244527
0 0.4828125 0.23342752353565505 0.0640625 0.14018071509696392
0 0.38984375 0.20602349796810984 0.11796875 0.2278404021907507
0 0.05234375 0.2274761635548364 0.09765625 0.15873584618439623
0 0.15 0.4807432597392326 0.10859375 0.2597080109570486
0 0.0390625 0.5077130884737585 0.07734375 0.13338129017804193
0 0.29453125 0.5004535620921391 0.11796875 0.2176841521907507
0 0.4171875 0.4783757848997407 0.11171875 0.19726255803494933
0 0.52578125 0.4623025458567894 0.09375 0.1899176623370204
0 0.6375 0.4900338538917387 0.09375 0.2039801623370204
0 0.73125 0.4776077662287591 0.0875 0.20777731818121908
0 0.8859375 0.43733909658484277 0.17734375 0.24840804667086366
0 0.91015625 0.8119805864385731 0.146875 0.27912621266133186
0 0.415625 0.7916297613607904 0.1703125 0.1357853157455871
0 0.2734375 0.8532103693163094 0.10078125 0.18066539326229708
0 0.08671875 0.8179199314117438 0.15546875 0.1995887171255589
