1 0.2846977168511222 0.5452916858010769 0.19714672415901832 0.4259438037082771
1 0.5508261999339191 0.515943271403904 0.1304387302918166 0.26749426034134893
1 0.7015700676321008 0.4805478055509954 0.10951654054251601 0.22435612062042148
1 0.7860543240464362 0.454909036981059 0.09109609643538345 0.1897574226766166
1 0.91328125 0.39375 0.0359375 0.078125
1 0.971875 0.4078125 0.0375 0.071875
1 0.4796875 0.34453125 0.040625 0.0578125
1 0.52265625 0.346875 0.0265625 0.05
1 0.61328125 0.36484375 0.0265625 0.0703125
1 0.6546875 0.37109375 0.034375 0.0640625
1 0.4234375 0.3359375 0.025 0.059375
1 0.36484375 0.3296875 0.0203125 0.046875
