1 0.1874943921238479 0.6295802623856759 0.17911761497195194 0.4446522018374631
1 0.3615073195088404 0.37002309446148673 0.11310667990474312 0.27724047087430803
1 0.45625 0.28984375 0.1125 0.2421875
1 0.5295213642044322 0.21299084466297658 0.06601093506720883 0.16741173096315504
1 0.5919750686978824 0.1754620560150794 0.05217159906454109 0.13532126447344942
1 0.2671875 0.47109375 0.128125 0.3390625
1 0.66796875 0.17890625 0.0453125 0.1234375
1 0.7234375 0.16484375 0.0375 0.1015625
1 0.78359375 0.15078125 0.0328125 0.0921875
1 0.82734375 0.1515625 0.0234375 0.071875
1 0.8703125 0.1546875 0.021875 0.08125
1 0.91171875 0.159375 0.0203125 0.053125
1 0.9578125 0.16640625 0.025 0.0578125
