0 0.578125 0.4495192307692308 0.13221153846153846 0.12379807692307693
0 0.5889423076923077 0.2860576923076923 0.10216346153846154 0.109375
0 0.7872596153846154 0.31490384615384615 0.09615384615384616 0.10576923076923077
0 0.7788461538461539 0.25961538461538464 0.0889423076923077 0.08413461538461539
0 0.8617788461538461 0.6899038461538461 0.14302884615384615 0.14783653846153846
0 0.8473557692307693 0.5733173076923077 0.13701923076923078 0.12740384615384615
0 0.5745192307692307 0.5685096153846154 0.20673076923076922 0.171875
0 0.5456730769230769 0.7055288461538461 0.23798076923076922 0.171875
0 0.5661057692307693 0.8762019230769231 0.25721153846153844 0.22115384615384615
0 0.8942307692307693 0.8701923076923077 0.21153846153846154 0.20673076923076922
0 0.8377403846153846 0.49759615384615385 0.1814903846153846 0.13701923076923078
0 0.7536057692307693 0.19110576923076922 0.125 0.10096153846153846
0 0.5889423076923077 0.2439903846153846 0.15144230769230768 0.1141826923076923
0 0.5889423076923077 0.16346153846153846 0.12379807692307693 0.078125
0 0.21875 0.4230769230769231 0.14783653846153846 0.12259615384615384
0 0.17067307692307693 0.5072115384615384 0.16346153846153846 0.11899038461538461
0 0.14903846153846154 0.6310096153846154 0.171875 0.17548076923076922
0 0.09495192307692307 0.78125 0.18990384615384615 0.25
