0 0.3425480769230769 0.125 0.07932692307692307 0.08413461538461539
0 0.21754807692307693 0.38100961538461536 0.15865384615384615 0.140625
0 0.16947115384615385 0.5096153846153846 0.1658653846153846 0.12740384615384615
0 0.14903846153846154 0.6322115384615384 0.171875 0.17668269230769232
0 0.09615384615384616 0.78125 0.19110576923076922 0.25240384615384615
0 0.5637019230769231 0.8774038461538461 0.25961538461538464 0.22235576923076922
0 0.5456730769230769 0.7055288461538461 0.23798076923076922 0.17427884615384615
0 0.5745192307692307 0.5697115384615384 0.20673076923076922 0.17668269230769232
0 0.5685096153846154 0.4567307692307692 0.19471153846153846 0.140625
0 0.5889423076923077 0.29086538461538464 0.10576923076923077 0.0985576923076923
0 0.5865384615384616 0.24639423076923078 0.1346153846153846 0.09615384615384616
0 0.5841346153846154 0.14783653846153846 0.08533653846153846 0.08653846153846154
0 0.7524038461538461 0.17668269230769232 0.07932692307692307 0.0889423076923077
0 0.7776442307692307 0.265625 0.140625 0.09735576923076923
0 0.7980769230769231 0.34615384615384615 0.1466346153846154 0.109375
0 0.8293269230769231 0.5072115384615384 0.171875 0.12860576923076922
0 0.8473557692307693 0.5721153846153846 0.13581730769230768 0.12740384615384615
0 0.8629807692307693 0.6887019230769231 0.14302884615384615 0.14903846153846154
0 0.9050480769230769 0.8822115384615384 0.18870192307692307 0.17908653846153846
