1 0.6891868265899397 0.6799061837535683 0.15320089842305862 0.3871114862881066
1 0.16233410573297696 0.48508949036166815 0.08507798766220816 0.20533788541035164
1 0.300403397213806 0.46067887096930843 0.07773829537623501 0.18222144461379075
1 0.4578125 0.4171875 0.059375 0.128125
1 0.35625 0.43671875 0.053125 0.1421875
1 0.571875 0.43046875 0.04375 0.1359375
1 0.71640625 0.44140625 0.0578125 0.1734375
1 0.80234375 0.4328125 0.0609375 0.15625
1 0.7046875 0.82109375 0.046875 0.1671875
1 0.76171875 0.84453125 0.0421875 0.1078125
1 0.87265625 0.8296875 0.0640625 0.209375
