0 0.0889423076923077 0.6358173076923077 0.15745192307692307 0.18028846153846154
0 0.28365384615384615 0.5817307692307693 0.140625 0.2764423076923077
0 0.1875 0.3713942307692308 0.13701923076923078 0.11899038461538461
0 0.5432692307692307 0.5276442307692307 0.22115384615384615 0.15745192307692307
0 0.5432692307692307 0.6634615384615384 0.23197115384615385 0.1658653846153846
0 0.5336538461538461 0.8209134615384616 0.26322115384615385 0.23317307692307693
0 0.5637019230769231 0.20192307692307693 0.13942307692307693 0.08413461538461539
0 0.5564903846153846 0.13221153846153846 0.12740384615384615 0.07932692307692307
0 0.31009615384615385 0.109375 0.11899038461538461 0.09014423076923077
0 0.7944711538461539 0.08052884615384616 0.07451923076923077 0.09975961538461539
0 0.7259615384615384 0.15384615384615385 0.1141826923076923 0.0733173076923077
0 0.7668269230769231 0.28725961538461536 0.15504807692307693 0.12259615384615384
0 0.8016826923076923 0.4519230769230769 0.1875 0.14423076923076922
0 0.8617788461538461 0.6850961538461539 0.20673076923076922 0.15985576923076922
0 0.8942307692307693 0.84375 0.21153846153846154 0.19951923076923078
0 0.28725961538461536 0.15264423076923078 0.07211538461538461 0.08533653846153846
0 0.13822115384615385 0.45072115384615385 0.10216346153846154 0.12620192307692307
0 0.5528846153846154 0.41225961538461536 0.1310096153846154 0.1045673076923077
0 0.5540865384615384 0.24879807692307693 0.10576923076923077 0.10697115384615384
0 0.7548076923076923 0.19831730769230768 0.09375 0.06971153846153846
0 0.8365384615384616 0.5336538461538461 0.13701923076923078 0.140625
