0 0.8787562961394858 0.09123878369628 0.16206384253589262 0.18247756739256
0 0.6883115387571681 0.08652773564545477 0.1767573406903132 0.17305547129090953
0 0.5161511297804158 0.09938980935634359 0.14606326258612173 0.18394346878180676
0 0.43577284873849964 0.23438485744957785 0.07892094740098617 0.13572173439090335
0 0.3499705058696726 0.21327623848243663 0.1424123314624161 0.22036211841898706
0 0.0400430348353118 0.2503521748649238 0.0800860696706236 0.15405507213985137
0 0.08421094470863019 0.4892658527250724 0.13724398582521996 0.2512847362050019
0 0.009811256792462312 0.5195386844835707 0.019622513584924624 0.12912699400955036
0 0.2203888675272283 0.5000619650687916 0.14115033515357506 0.21098711841898704
0 0.3407313582993311 0.4725321873939775 0.13227117617682263 0.19123761360966363
0 0.4476273518398031 0.4524701693378102 0.11424234530426194 0.18438741288402416
0 0.5513984447086302 0.4729513057281466 0.1159250070493835 0.19688741288402417
0 0.6438112728128218 0.4565053609929569 0.11098208884473379 0.20060268992586625
0 0.7970413398435368 0.40994284112269097 0.20196757408009844 0.24110369355406328
0 0.7721023146712933 0.7684993855877282 0.17638156208383204 0.2705357332097769
0 0.29946106005734474 0.7733407192451429 0.18042336652842544 0.13304565689357445
0 0.15443416769080728 0.8398337931990929 0.11923034899542077 0.17523066769334755
0 0.03333922575054625 0.8148313371159759 0.0666784515010925 0.19424605172143136
