1 0.18984375 0.7140625 0.09375 0.46640625
1 0.1296875 0.4390625 0.071875 0.159375
1 0.0484375 0.4671875 0.084375 0.146875
1 0.05703125 0.73828125 0.1046875 0.5046875
1 0.56015625 0.64140625 0.1328125 0.4046875
1 0.64375 0.51953125 0.0625 0.3734375
1 0.72421875 0.54453125 0.0921875 0.3921875
1 0.8609375 0.4125 0.06875 0.1875
1 0.79296875 0.375 0.0546875 0.16875
1 0.9265625 0.63828125 0.115625 0.3171875
1 0.92890625 0.33671875 0.0546875 0.1734375
1 0.61875 0.28984375 0.04375 0.1078125
1 0.4671875 0.27109375 0.0625 0.1484375
1 0.3421875 0.2828125 0.053125 0.128125
1 0.28046875 0.45 0.0796875 0.159375
1 0.27578125 0.74453125 0.0859375 0.4078125
