0 0.07114358039401035 0.22217446096878027 0.12696637098547064 0.21707893657189176
0 0.18151559362299338 0.08329324726952549 0.07451307835784542 0.15507384026088375
0 0.21965524423424881 0.36892167506081847 0.16377365219313508 0.18917665036934234
0 0.3880311872459868 0.1664410487937771 0.2034126843053107 0.1855022045258726
0 0.5199175158309748 0.43668485021983283 0.1825336182719372 0.14476812021691715
0 0.6043665954320157 0.03444668111094269 0.1912668091359686 0.06889336222188538
0 0.7137294708285005 0.3449599167711991 0.1957905348257089 0.06986811416679295
0 0.8760291542293001 0.18390826640185673 0.14084184249133963 0.3179101835468296
0 0.9224372489839471 0.6694276098841943 0.08430299468447444 0.5058050932859459
0 0.8103300746282592 0.5880735916356259 0.17355476594251656 0.21188289734428026
0 0.663158503506503 0.5498792209277295 0.13295077736247726 0.3014630269309713
0 0.4919209113538476 0.6430348441697087 0.206193525553455 0.2534664093463327
0 0.2878542090698554 0.662185340850059 0.20553510628614954 0.2558056141667929
0 0.09733565736720365 0.6672415212736306 0.1946713147344073 0.26910504488495235
