0 0.33774038461538464 0.7956730769230769 0.10697115384615384 0.2644230769230769
0 0.4110576923076923 0.3629807692307692 0.06971153846153846 0.1622596153846154
0 0.3088942307692308 0.24639423076923078 0.09254807692307693 0.13581730769230768
0 0.3112980769230769 0.36538461538461536 0.06490384615384616 0.17908653846153846
0 0.18870192307692307 0.3473557692307692 0.09014423076923077 0.109375
0 0.16947115384615385 0.3918269230769231 0.09975961538461539 0.11298076923076923
0 0.140625 0.44350961538461536 0.10336538461538461 0.12379807692307693
0 0.19471153846153846 0.5612980769230769 0.12860576923076922 0.15504807692307693
0 0.07572115384615384 0.6286057692307693 0.11057692307692307 0.13341346153846154
0 0.056490384615384616 0.6995192307692307 0.11057692307692307 0.15144230769230768
0 0.3293269230769231 0.09975961538461539 0.11057692307692307 0.0733173076923077
0 0.31850961538461536 0.15985576923076922 0.08653846153846154 0.0889423076923077
0 0.4266826923076923 0.24759615384615385 0.08533653846153846 0.140625
0 0.47115384615384615 0.14182692307692307 0.11177884615384616 0.10697115384615384
0 0.6177884615384616 0.04927884615384615 0.10096153846153846 0.0733173076923077
0 0.5925480769230769 0.2644230769230769 0.16346153846153846 0.13341346153846154
0 0.8173076923076923 0.16346153846153846 0.10216346153846154 0.0829326923076923
0 0.7944711538461539 0.2956730769230769 0.15504807692307693 0.14302884615384615
0 0.5889423076923077 0.43990384615384615 0.19110576923076922 0.1466346153846154
0 0.5721153846153846 0.6418269230769231 0.23677884615384615 0.14302884615384615
0 0.5817307692307693 0.8137019230769231 0.2824519230769231 0.25721153846153844
0 0.8317307692307693 0.4567307692307692 0.17427884615384615 0.11298076923076923
0 0.859375 0.5685096153846154 0.20552884615384615 0.18509615384615385
0 0.9591346153846154 0.40865384615384615 0.08173076923076923 0.1875
0 0.9038461538461539 0.8341346153846154 0.19230769230769232 0.20192307692307693
