0 0.39302884615384615 0.5805288461538461 0.1502403846153846 0.15865384615384615
0 0.39903846153846156 0.40865384615384615 0.13341346153846154 0.11899038461538461
0 0.41586538461538464 0.2980769230769231 0.11057692307692307 0.11298076923076923
0 0.5841346153846154 0.3076923076923077 0.11538461538461539 0.12379807692307693
0 0.5877403846153846 0.4182692307692308 0.1310096153846154 0.12139423076923077
0 0.5949519230769231 0.5973557692307693 0.15504807692307693 0.16826923076923078
0 0.78125 0.6141826923076923 0.13942307692307693 0.16105769230769232
0 0.7367788461538461 0.4362980769230769 0.12139423076923077 0.12139423076923077
0 0.7223557692307693 0.31971153846153844 0.10697115384615384 0.12620192307692307
0 0.7079326923076923 0.21634615384615385 0.09375 0.10817307692307693
