0 0.2776442307692308 0.25240384615384615 0.08774038461538461 0.09254807692307693
0 0.38221153846153844 0.18028846153846154 0.11658653846153846 0.09014423076923077
0 0.5360576923076923 0.1935096153846154 0.12620192307692307 0.08774038461538461
0 0.44350961538461536 0.3161057692307692 0.13701923076923078 0.12379807692307693
0 0.5709134615384616 0.4855769230769231 0.18389423076923078 0.14423076923076922
0 0.7103365384615384 0.1875 0.11899038461538461 0.0829326923076923
0 0.8197115384615384 0.2247596153846154 0.052884615384615384 0.13341346153846154
0 0.7644230769230769 0.31850961538461536 0.14543269230769232 0.109375
0 0.8629807692307693 0.5516826923076923 0.17548076923076922 0.16105769230769232
0 0.9591346153846154 0.6538461538461539 0.08173076923076923 0.17307692307692307
0 0.3870192307692308 0.890625 0.2536057692307692 0.21754807692307693
