0 0.39903846153846156 0.5697115384615384 0.05889423076923077 0.24759615384615385
0 0.4879807692307692 0.5889423076923077 0.06370192307692307 0.2644230769230769
0 0.5817307692307693 0.5961538461538461 0.0673076923076923 0.25961538461538464
0 0.40384615384615385 0.3786057692307692 0.052884615384615384 0.1658653846153846
0 0.4831730769230769 0.40024038461538464 0.054086538461538464 0.19110576923076922
0 0.5673076923076923 0.390625 0.056490384615384616 0.17548076923076922
0 0.42788461538461536 0.2620192307692308 0.04326923076923077 0.13942307692307693
0 0.5060096153846154 0.25240384615384615 0.04927884615384615 0.12740384615384615
0 0.5733173076923077 0.25721153846153844 0.051682692307692304 0.12860576923076922
0 0.5793269230769231 0.16466346153846154 0.04326923076923077 0.10096153846153846
