0 0.2776442307692308 0.40024038461538464 0.12620192307692307 0.21394230769230768
0 0.22716346153846154 0.11899038461538461 0.09014423076923077 0.08173076923076923
0 0.1658653846153846 0.07211538461538461 0.06850961538461539 0.0733173076923077
0 0.4831730769230769 0.05889423076923077 0.10576923076923077 0.0733173076923077
0 0.5444711538461539 0.13221153846153846 0.12139423076923077 0.08052884615384616
0 0.53125 0.2608173076923077 0.15504807692307693 0.109375
0 0.6814903846153846 0.055288461538461536 0.10817307692307693 0.07091346153846154
0 0.7211538461538461 0.14182692307692307 0.1310096153846154 0.10096153846153846
0 0.7307692307692307 0.21153846153846154 0.13221153846153846 0.08173076923076923
0 0.7512019230769231 0.2800480769230769 0.15384615384615385 0.12860576923076922
0 0.8365384615384616 0.16105769230769232 0.08413461538461539 0.10817307692307693
0 0.5288461538461539 0.5324519230769231 0.21995192307692307 0.17908653846153846
0 0.5216346153846154 0.8173076923076923 0.25 0.2091346153846154
0 0.8052884615384616 0.44711538461538464 0.18509615384615385 0.17307692307692307
0 0.8533653846153846 0.6706730769230769 0.20192307692307693 0.17908653846153846
0 0.4014423076923077 0.27884615384615385 0.05889423076923077 0.1622596153846154
0 0.3269230769230769 0.24639423076923078 0.05048076923076923 0.13221153846153846
0 0.28365384615384615 0.16826923076923078 0.07932692307692307 0.09495192307692307
0 0.028846153846153848 0.28125 0.056490384615384616 0.12139423076923077
0 0.14903846153846154 0.37740384615384615 0.09014423076923077 0.10697115384615384
0 0.1201923076923077 0.4326923076923077 0.10096153846153846 0.12379807692307693
0 0.0733173076923077 0.5841346153846154 0.10817307692307693 0.13942307692307693
0 0.23076923076923078 0.6213942307692307 0.08774038461538461 0.21754807692307693
0 0.3449519230769231 0.6370192307692307 0.08653846153846154 0.2644230769230769
