0 0.22596153846153846 0.2860576923076923 0.09975961538461539 0.1875
0 0.35216346153846156 0.2764423076923077 0.09375 0.17908653846153846
0 0.13942307692307693 0.515625 0.14182692307692307 0.25
0 0.28846153846153844 0.5420673076923077 0.12980769230769232 0.2548076923076923
0 0.390625 0.5480769230769231 0.11658653846153846 0.28125
0 0.6346153846153846 0.5588942307692307 0.10336538461538461 0.28125
0 0.7439903846153846 0.5877403846153846 0.11177884615384616 0.2620192307692308
0 0.9038461538461539 0.5625 0.13221153846153846 0.22716346153846154
0 0.6911057692307693 0.28725961538461536 0.08653846153846154 0.17668269230769232
0 0.7668269230769231 0.2860576923076923 0.09014423076923077 0.1875
0 0.8341346153846154 0.3088942307692308 0.08653846153846154 0.16706730769230768
