0 0.09202878729346103 0.12459120534637644 0.1832936827542901 0.2476925893072471
0 0.26856400544229564 0.11581544482303277 0.1735367368379741 0.23163088964606554
0 0.4853174850238756 0.15570063729757827 0.17747026868913948 0.23721782089139562
0 0.7024504213215448 0.14148840592519124 0.16898564609380137 0.23984229195220044
0 0.9150868305773718 0.13301794033781977 0.1615451683263199 0.22771401827467716
0 0.6339236876484315 0.5329849321629633 0.20570934137714508 0.13048967875566858
0 0.8091915608767419 0.6425511060098958 0.1415451815731637 0.3247864393495995
0 0.94142984772649 0.6450251166744139 0.11714030454701999 0.32961044724210725
0 0.3798711047088069 0.5211652845538028 0.24176589246560418 0.15831854714328522
0 0.14382945570459887 0.6664300948512676 0.19616819418703552 0.3037983761389501
