0 0.13302413400659785 0.234375 0.19791128041659398 0.3578125
0 0.2963939637109113 0.15078125 0.14770537727617325 0.1359375
0 0.4327800930986556 0.1890625 0.13041022868809904 0.1859375
0 0.34519386190327406 0.353125 0.12957515439406198 0.2109375
0 0.4197953936400163 0.47421875 0.16224290188677948 0.2328125
0 0.25962580562243265 0.796875 0.17338264185764968 0.3203125
0 0.12769515868371106 0.60546875 0.1901011289255259 0.27734375
0 0.6456254901038841 0.8484375 0.23803016356526197 0.28671875
0 0.7081244562555709 0.553125 0.1857091456185735 0.2875
0 0.8071028285171792 0.3734375 0.13784464396922083 0.14609375
0 0.7302053593959916 0.33125 0.14762280925034227 0.10625
0 0.8421921970178639 0.1609375 0.1869533968722145 0.2765625
0 0.5999197804831009 0.11015625 0.15707436559769086 0.08203125
0 0.5364851369760987 0.571875 0.1629559557268454 0.23046875
