0 0.15865384615384615 0.3737980769230769 0.12860576923076922 0.20793269230769232
0 0.33413461538461536 0.7247596153846154 0.16466346153846154 0.3737980769230769
0 0.6153846153846154 0.40865384615384615 0.1045673076923077 0.24879807692307693
0 0.7439903846153846 0.7932692307692307 0.13942307692307693 0.36177884615384615
0 0.9242788461538461 0.8064903846153846 0.12259615384615384 0.296875
0 0.8509615384615384 0.4519230769230769 0.09615384615384616 0.18629807692307693
0 0.7163461538461539 0.17307692307692307 0.06610576923076923 0.12980769230769232
0 0.3137019230769231 0.10096153846153846 0.11658653846153846 0.07451923076923077
0 0.4951923076923077 0.1310096153846154 0.0733173076923077 0.10096153846153846
0 0.3137019230769231 0.375 0.10817307692307693 0.22115384615384615
0 0.05889423076923077 0.6598557692307693 0.11778846153846154 0.24879807692307693
0 0.12980769230769232 0.6814903846153846 0.13701923076923078 0.2920673076923077
0 0.6129807692307693 0.23557692307692307 0.13942307692307693 0.13221153846153846
0 0.2247596153846154 0.6730769230769231 0.09134615384615384 0.27524038461538464
0 0.6069711538461539 0.7283653846153846 0.06971153846153846 0.24759615384615385
0 0.6971153846153846 0.41225961538461536 0.057692307692307696 0.19230769230769232
0 0.35096153846153844 0.19230769230769232 0.09495192307692307 0.10096153846153846
0 0.7944711538461539 0.17548076923076922 0.05048076923076923 0.11899038461538461
0 0.40024038461538464 0.36778846153846156 0.0673076923076923 0.17067307692307693
