0 0.39783653846153844 0.37740384615384615 0.06009615384615385 0.19591346153846154
0 0.6129807692307693 0.3858173076923077 0.06610576923076923 0.1778846153846154
0 0.7163461538461539 0.1502403846153846 0.04326923076923077 0.11538461538461539
0 0.7956730769230769 0.17548076923076922 0.04807692307692308 0.11899038461538461
0 0.35336538461538464 0.19110576923076922 0.09495192307692307 0.1045673076923077
0 0.6057692307692307 0.7295673076923077 0.0673076923076923 0.24519230769230768
0 0.3125 0.10336538461538461 0.11298076923076923 0.078125
0 0.22115384615384615 0.19951923076923078 0.12139423076923077 0.11177884615384616
0 0.16105769230769232 0.37740384615384615 0.13221153846153846 0.203125
0 0.06009615384615385 0.6610576923076923 0.11899038461538461 0.2548076923076923
0 0.12980769230769232 0.6802884615384616 0.1346153846153846 0.29086538461538464
0 0.33052884615384615 0.7175480769230769 0.15985576923076922 0.3605769230769231
0 0.7427884615384616 0.7956730769230769 0.1346153846153846 0.3581730769230769
0 0.9242788461538461 0.7980769230769231 0.12139423076923077 0.2932692307692308
0 0.8509615384615384 0.45552884615384615 0.09735576923076923 0.19591346153846154
0 0.7055288461538461 0.4254807692307692 0.11177884615384616 0.24639423076923078
0 0.6057692307692307 0.24158653846153846 0.14543269230769232 0.11057692307692307
0 0.4951923076923077 0.13221153846153846 0.07091346153846154 0.1045673076923077
0 0.3112980769230769 0.3798076923076923 0.11298076923076923 0.2247596153846154
