0 0.3173076923076923 0.1778846153846154 0.07692307692307693 0.09014423076923077
0 0.3449519230769231 0.1310096153846154 0.078125 0.08173076923076923
0 0.5108173076923077 0.0733173076923077 0.03125 0.08774038461538461
0 0.7800480769230769 0.2704326923076923 0.0889423076923077 0.10216346153846154
0 0.5901442307692307 0.29086538461538464 0.10576923076923077 0.10817307692307693
0 0.5625 0.8822115384615384 0.25841346153846156 0.22596153846153846
0 0.5492788461538461 0.7091346153846154 0.24158653846153846 0.18389423076923078
0 0.5745192307692307 0.5697115384615384 0.20793269230769232 0.17668269230769232
0 0.5865384615384616 0.47115384615384615 0.18509615384615385 0.13581730769230768
0 0.5901442307692307 0.24278846153846154 0.15144230769230768 0.11538461538461539
0 0.5901442307692307 0.16706730769230768 0.12620192307692307 0.08173076923076923
0 0.7524038461538461 0.18870192307692307 0.12980769230769232 0.10096153846153846
0 0.8365384615384616 0.4807692307692308 0.171875 0.10817307692307693
0 0.8569711538461539 0.6033653846153846 0.1971153846153846 0.18870192307692307
0 0.8942307692307693 0.875 0.21153846153846154 0.21153846153846154
0 0.09735576923076923 0.7836538461538461 0.1935096153846154 0.25841346153846156
0 0.14903846153846154 0.6346153846153846 0.17307692307692307 0.1814903846153846
0 0.17067307692307693 0.5144230769230769 0.16706730769230768 0.12860576923076922
0 0.21634615384615385 0.4254807692307692 0.15504807692307693 0.12740384615384615
