0 0.31490384615384615 0.10336538461538461 0.11899038461538461 0.0829326923076923
0 0.49759615384615385 0.13221153846153846 0.06971153846153846 0.09495192307692307
0 0.22115384615384615 0.1971153846153846 0.12139423076923077 0.10697115384615384
0 0.15985576923076922 0.3762019230769231 0.13221153846153846 0.19951923076923078
0 0.3112980769230769 0.38100961538461536 0.11057692307692307 0.21875
0 0.06009615384615385 0.6622596153846154 0.11899038461538461 0.25240384615384615
0 0.12860576923076922 0.6778846153846154 0.1346153846153846 0.29086538461538464
0 0.33052884615384615 0.7163461538461539 0.15985576923076922 0.3581730769230769
0 0.7415865384615384 0.7956730769230769 0.13701923076923078 0.359375
0 0.9230769230769231 0.8028846153846154 0.12379807692307693 0.296875
0 0.8509615384615384 0.4543269230769231 0.09495192307692307 0.19110576923076922
0 0.7079326923076923 0.42427884615384615 0.11177884615384616 0.2439903846153846
0 0.6069711538461539 0.24639423076923078 0.14783653846153846 0.11057692307692307
0 0.39663461538461536 0.38100961538461536 0.05889423076923077 0.18870192307692307
0 0.7199519230769231 0.1502403846153846 0.038461538461538464 0.1141826923076923
0 0.7884615384615384 0.17067307692307693 0.04567307692307692 0.1141826923076923
0 0.35096153846153844 0.18990384615384615 0.0985576923076923 0.09975961538461539
0 0.6045673076923077 0.7271634615384616 0.0673076923076923 0.24879807692307693
0 0.6153846153846154 0.3870192307692308 0.057692307692307696 0.16947115384615385
