0 0.5793269230769231 0.1622596153846154 0.13581730769230768 0.11298076923076923
0 0.5853365384615384 0.234375 0.140625 0.08173076923076923
0 0.5949519230769231 0.30649038461538464 0.15144230769230768 0.10817307692307693
0 0.7584134615384616 0.18389423076923078 0.1141826923076923 0.07932692307692307
0 0.7776442307692307 0.2644230769230769 0.14182692307692307 0.09254807692307693
0 0.7920673076923077 0.34615384615384615 0.14783653846153846 0.11538461538461539
0 0.8293269230769231 0.4807692307692308 0.1814903846153846 0.14182692307692307
0 0.8509615384615384 0.5997596153846154 0.18629807692307693 0.13341346153846154
0 0.8786057692307693 0.71875 0.20192307692307693 0.17307692307692307
0 0.9038461538461539 0.8810096153846154 0.19230769230769232 0.18028846153846154
0 0.5733173076923077 0.8689903846153846 0.28365384615384615 0.24759615384615385
0 0.5745192307692307 0.6814903846153846 0.23677884615384615 0.14783653846153846
0 0.5841346153846154 0.5733173076923077 0.21033653846153846 0.1622596153846154
0 0.5949519230769231 0.4567307692307692 0.1778846153846154 0.14783653846153846
0 0.31850961538461536 0.17908653846153846 0.07932692307692307 0.09615384615384616
0 0.3425480769230769 0.12379807692307693 0.07932692307692307 0.08173076923076923
0 0.14302884615384615 0.46875 0.09975961538461539 0.13221153846153846
0 0.09615384615384616 0.5817307692307693 0.10096153846153846 0.140625
0 0.0625 0.6658653846153846 0.10697115384615384 0.14903846153846154
0 0.038461538461538464 0.7848557692307693 0.07572115384615384 0.14423076923076922
