0 0.31490384615384615 0.0985576923076923 0.12139423076923077 0.08533653846153846
0 0.22115384615384615 0.1971153846153846 0.125 0.09975961538461539
0 0.3137019230769231 0.38100961538461536 0.11177884615384616 0.22235576923076922
0 0.15985576923076922 0.3762019230769231 0.13341346153846154 0.20432692307692307
0 0.06009615384615385 0.6610576923076923 0.11899038461538461 0.25841346153846156
0 0.12860576923076922 0.6802884615384616 0.13341346153846154 0.28365384615384615
0 0.3329326923076923 0.7247596153846154 0.1622596153846154 0.36778846153846156
0 0.7403846153846154 0.7908653846153846 0.13341346153846154 0.35336538461538464
0 0.6153846153846154 0.40865384615384615 0.10336538461538461 0.23918269230769232
0 0.9230769230769231 0.8028846153846154 0.1201923076923077 0.2932692307692308
0 0.8497596153846154 0.45552884615384615 0.09254807692307693 0.1814903846153846
0 0.49759615384615385 0.1346153846153846 0.07091346153846154 0.10336538461538461
0 0.2247596153846154 0.6754807692307693 0.09254807692307693 0.28125
0 0.35336538461538464 0.19591346153846154 0.09375 0.10336538461538461
0 0.6971153846153846 0.41586538461538464 0.057692307692307696 0.19471153846153846
0 0.6045673076923077 0.7307692307692307 0.0673076923076923 0.24158653846153846
0 0.7175480769230769 0.1502403846153846 0.04447115384615385 0.1141826923076923
0 0.7956730769230769 0.17548076923076922 0.04807692307692308 0.12139423076923077
