0 0.3125 0.10096153846153846 0.07932692307692307 0.07451923076923077
0 0.4543269230769231 0.057692307692307696 0.0733173076923077 0.07932692307692307
0 0.7644230769230769 0.27524038461538464 0.10096153846153846 0.1045673076923077
0 0.5552884615384616 0.2536057692307692 0.11298076923076923 0.11057692307692307
0 0.5540865384615384 0.40024038461538464 0.1310096153846154 0.13942307692307693
0 0.8341346153846154 0.5276442307692307 0.125 0.11057692307692307
0 0.18870192307692307 0.3713942307692308 0.13822115384615385 0.11899038461538461
0 0.28365384615384615 0.578125 0.1346153846153846 0.2704326923076923
0 0.38100961538461536 0.25 0.078125 0.12860576923076922
0 0.046875 0.6983173076923077 0.09375 0.2800480769230769
0 0.5120192307692307 0.6682692307692307 0.23557692307692307 0.18028846153846154
0 0.5504807692307693 0.5360576923076923 0.2091346153846154 0.1658653846153846
0 0.8533653846153846 0.6658653846153846 0.21875 0.1935096153846154
0 0.875 0.8401442307692307 0.21995192307692307 0.18629807692307693
0 0.8076923076923077 0.4495192307692308 0.17548076923076922 0.1346153846153846
0 0.7608173076923077 0.21995192307692307 0.14543269230769232 0.09495192307692307
0 0.7415865384615384 0.14423076923076922 0.11658653846153846 0.08052884615384616
0 0.7668269230769231 0.078125 0.09735576923076923 0.09615384615384616
0 0.5552884615384616 0.12379807692307693 0.12139423076923077 0.06610576923076923
0 0.30408653846153844 0.1658653846153846 0.09975961538461539 0.09495192307692307
