0 0.2956730769230769 0.15504807692307693 0.078125 0.08653846153846154
0 0.45552884615384615 0.05889423076923077 0.06971153846153846 0.08173076923076923
0 0.7235576923076923 0.13942307692307693 0.08052884615384616 0.08653846153846154
0 0.7644230769230769 0.27403846153846156 0.0985576923076923 0.1045673076923077
0 0.5552884615384616 0.4050480769230769 0.12980769230769232 0.140625
0 0.8365384615384616 0.5192307692307693 0.13822115384615385 0.1141826923076923
0 0.18870192307692307 0.3701923076923077 0.13942307692307693 0.11899038461538461
0 0.3137019230769231 0.11658653846153846 0.11899038461538461 0.08173076923076923
0 0.38100961538461536 0.2536057692307692 0.078125 0.13341346153846154
0 0.5576923076923077 0.1310096153846154 0.12740384615384615 0.08173076923076923
0 0.5637019230769231 0.20192307692307693 0.13942307692307693 0.0829326923076923
0 0.546875 0.27283653846153844 0.1466346153846154 0.10336538461538461
0 0.5504807692307693 0.5360576923076923 0.2091346153846154 0.15504807692307693
0 0.5384615384615384 0.6622596153846154 0.23317307692307693 0.1658653846153846
0 0.5288461538461539 0.8245192307692307 0.26322115384615385 0.22115384615384615
0 0.28365384615384615 0.5793269230769231 0.14302884615384615 0.2764423076923077
0 0.875 0.84375 0.22235576923076922 0.1971153846153846
0 0.8521634615384616 0.6670673076923077 0.22115384615384615 0.19591346153846154
0 0.8052884615384616 0.4519230769230769 0.18509615384615385 0.14423076923076922
0 0.7608173076923077 0.2247596153846154 0.140625 0.09735576923076923
0 0.7944711538461539 0.078125 0.07451923076923077 0.10096153846153846
