0 0.5637019230769231 0.8810096153846154 0.25961538461538464 0.23076923076923078
0 0.09735576923076923 0.7824519230769231 0.1935096153846154 0.25841346153846156
0 0.14903846153846154 0.6346153846153846 0.17548076923076922 0.18028846153846154
0 0.17067307692307693 0.5120192307692307 0.1658653846153846 0.12980769230769232
0 0.21875 0.42788461538461536 0.15865384615384615 0.12980769230769232
0 0.5877403846153846 0.24519230769230768 0.15384615384615385 0.11778846153846154
0 0.5853365384615384 0.47115384615384615 0.18629807692307693 0.13581730769230768
0 0.5745192307692307 0.5721153846153846 0.21033653846153846 0.17548076923076922
0 0.5456730769230769 0.7055288461538461 0.24158653846153846 0.171875
0 0.8954326923076923 0.8713942307692307 0.2091346153846154 0.21875
0 0.8569711538461539 0.6177884615384616 0.20072115384615385 0.18990384615384615
0 0.84375 0.4879807692307692 0.18870192307692307 0.11899038461538461
0 0.7776442307692307 0.26802884615384615 0.1466346153846154 0.12980769230769232
0 0.5889423076923077 0.16826923076923078 0.12860576923076922 0.08173076923076923
0 0.3161057692307692 0.17908653846153846 0.07572115384615384 0.09134615384615384
0 0.34375 0.13221153846153846 0.078125 0.07572115384615384
0 0.5108173076923077 0.0733173076923077 0.03365384615384615 0.08653846153846154
0 0.7463942307692307 0.17668269230769232 0.08413461538461539 0.08533653846153846
0 0.5901442307692307 0.29086538461538464 0.1045673076923077 0.10817307692307693
0 0.7896634615384616 0.3161057692307692 0.09615384615384616 0.11778846153846154
