0 0.34375 0.125 0.07932692307692307 0.08413461538461539
0 0.5841346153846154 0.14903846153846154 0.08413461538461539 0.09134615384615384
0 0.5889423076923077 0.29086538461538464 0.10576923076923077 0.10336538461538461
0 0.5865384615384616 0.24639423076923078 0.1346153846153846 0.09735576923076923
0 0.5805288461538461 0.4483173076923077 0.12980769230769232 0.12139423076923077
0 0.5757211538461539 0.5685096153846154 0.20552884615384615 0.171875
0 0.5456730769230769 0.7043269230769231 0.23557692307692307 0.171875
0 0.5637019230769231 0.8774038461538461 0.25600961538461536 0.21995192307692307
0 0.9050480769230769 0.8822115384615384 0.18870192307692307 0.18028846153846154
0 0.8810096153846154 0.7199519230769231 0.1971153846153846 0.171875
0 0.8509615384615384 0.6009615384615384 0.18269230769230768 0.13221153846153846
0 0.8389423076923077 0.4963942307692308 0.171875 0.10336538461538461
0 0.7908653846153846 0.31490384615384615 0.10336538461538461 0.11538461538461539
0 0.7776442307692307 0.2692307692307692 0.140625 0.10096153846153846
0 0.7524038461538461 0.1778846153846154 0.07932692307692307 0.08653846153846154
0 0.21754807692307693 0.38221153846153844 0.16105769230769232 0.140625
0 0.17067307692307693 0.5072115384615384 0.16466346153846154 0.12379807692307693
0 0.1502403846153846 0.6346153846153846 0.171875 0.1778846153846154
0 0.09615384615384616 0.78125 0.19110576923076922 0.25
