0 0.13822115384615385 0.4483173076923077 0.10216346153846154 0.12379807692307693
0 0.5528846153846154 0.41346153846153844 0.1310096153846154 0.11298076923076923
0 0.5360576923076923 0.6346153846153846 0.16466346153846154 0.17067307692307693
0 0.8329326923076923 0.5384615384615384 0.13942307692307693 0.13942307692307693
0 0.5552884615384616 0.24639423076923078 0.1045673076923077 0.10817307692307693
0 0.31009615384615385 0.0985576923076923 0.07692307692307693 0.07572115384615384
0 0.296875 0.15985576923076922 0.09254807692307693 0.10096153846153846
0 0.18990384615384615 0.3713942307692308 0.13942307692307693 0.11899038461538461
0 0.06490384615384616 0.6730769230769231 0.12860576923076922 0.3016826923076923
0 0.2848557692307692 0.578125 0.14182692307692307 0.27403846153846156
0 0.5300480769230769 0.8233173076923077 0.25841346153846156 0.23918269230769232
0 0.5540865384615384 0.5480769230769231 0.21153846153846154 0.15504807692307693
0 0.5649038461538461 0.2091346153846154 0.13822115384615385 0.09975961538461539
0 0.5576923076923077 0.13221153846153846 0.12620192307692307 0.078125
0 0.7271634615384616 0.15264423076923078 0.1141826923076923 0.06971153846153846
0 0.7956730769230769 0.078125 0.07572115384615384 0.09735576923076923
0 0.7536057692307693 0.2091346153846154 0.12620192307692307 0.07451923076923077
0 0.7668269230769231 0.29086538461538464 0.15504807692307693 0.12740384615384615
0 0.8028846153846154 0.4519230769230769 0.18389423076923078 0.14423076923076922
0 0.8641826923076923 0.6850961538461539 0.20192307692307693 0.1658653846153846
0 0.8954326923076923 0.84375 0.2091346153846154 0.19471153846153846
