0 0.5865384615384616 0.5769230769230769 0.21153846153846154 0.18870192307692307
0 0.5348557692307693 0.7127403846153846 0.23918269230769232 0.19230769230769232
0 0.5480769230769231 0.84375 0.18269230769230768 0.15504807692307693
0 0.5757211538461539 0.44591346153846156 0.13341346153846154 0.13942307692307693
0 0.5889423076923077 0.29086538461538464 0.1045673076923077 0.1045673076923077
0 0.5841346153846154 0.14783653846153846 0.08413461538461539 0.09134615384615384
0 0.5865384615384616 0.24639423076923078 0.1346153846153846 0.09975961538461539
0 0.7572115384615384 0.18389423076923078 0.11538461538461539 0.07932692307692307
0 0.7788461538461539 0.2644230769230769 0.14182692307692307 0.09254807692307693
0 0.7932692307692307 0.3473557692307692 0.14903846153846154 0.11538461538461539
0 0.8509615384615384 0.5985576923076923 0.18870192307692307 0.12980769230769232
0 0.8798076923076923 0.7223557692307693 0.19951923076923078 0.17307692307692307
0 0.9050480769230769 0.8798076923076923 0.18990384615384615 0.1778846153846154
0 0.0985576923076923 0.7752403846153846 0.19591346153846154 0.25721153846153844
0 0.16947115384615385 0.515625 0.16346153846153846 0.13942307692307693
0 0.21754807692307693 0.38100961538461536 0.15865384615384615 0.14302884615384615
0 0.31850961538461536 0.17908653846153846 0.08052884615384616 0.09254807692307693
0 0.34375 0.125 0.07932692307692307 0.07932692307692307
