0 0.5637019230769231 0.8774038461538461 0.25600961538461536 0.22355769230769232
0 0.5444711538461539 0.7067307692307693 0.23918269230769232 0.17307692307692307
0 0.5757211538461539 0.5673076923076923 0.20673076923076922 0.17307692307692307
0 0.5889423076923077 0.1658653846153846 0.125 0.078125
0 0.5889423076923077 0.24639423076923078 0.14903846153846154 0.11298076923076923
0 0.7536057692307693 0.18870192307692307 0.125 0.09615384615384616
0 0.8365384615384616 0.5036057692307693 0.18028846153846154 0.14903846153846154
0 0.8966346153846154 0.8737980769230769 0.20673076923076922 0.2091346153846154
0 0.09615384615384616 0.7800480769230769 0.19110576923076922 0.2439903846153846
0 0.14903846153846154 0.6310096153846154 0.171875 0.17668269230769232
0 0.17067307692307693 0.5072115384615384 0.16346153846153846 0.11899038461538461
0 0.21754807692307693 0.4230769230769231 0.1502403846153846 0.12259615384615384
0 0.5108173076923077 0.07211538461538461 0.030048076923076924 0.09014423076923077
0 0.5625 0.07211538461538461 0.036057692307692304 0.08774038461538461
0 0.6105769230769231 0.078125 0.03365384615384615 0.09495192307692307
0 0.5901442307692307 0.28966346153846156 0.10336538461538461 0.1045673076923077
0 0.7872596153846154 0.3161057692307692 0.09735576923076923 0.10336538461538461
0 0.7788461538461539 0.25961538461538464 0.09014423076923077 0.08774038461538461
